\begin{table}[H]
\centering
\caption{Matriks Korelasi Variabel}
\label{tab:korelasi}
\footnotesize
\begin{tabular}{lrrrrrrrr}
\toprule
 & Y & X1 & X2 & X3 & X4 & X5 & X6 & X7 \\
\midrule
Y & 1.0000 & 0.5389 & 0.5166 & 0.3389 & -0.0846 & -0.0454 & -0.1188 & 0.0087 \\
X1 & 0.5389 & 1.0000 & 0.7969 & 0.6042 & -0.0583 & 0.0080 & -0.0678 & 0.0161 \\
X2 & 0.5166 & 0.7969 & 1.0000 & 0.4706 & 0.0050 & -0.0437 & -0.0705 & 0.0167 \\
X3 & 0.3389 & 0.6042 & 0.4706 & 1.0000 & -0.0545 & -0.0787 & -0.0903 & -0.0018 \\
X4 & -0.0846 & -0.0583 & 0.0050 & -0.0545 & 1.0000 & 0.3253 & 0.4761 & 0.0938 \\
X5 & -0.0454 & 0.0080 & -0.0437 & -0.0787 & 0.3253 & 1.0000 & 0.7470 & 0.0624 \\
X6 & -0.1188 & -0.0678 & -0.0705 & -0.0903 & 0.4761 & 0.7470 & 1.0000 & 0.0837 \\
X7 & 0.0087 & 0.0161 & 0.0167 & -0.0018 & 0.0938 & 0.0624 & 0.0837 & 1.0000 \\
\bottomrule
\end{tabular}
\end{table}
